1.871000000000000000e+03 -1.499999999999999944e-01
1.871250000000000000e+03 -2.999999999999999889e-01
1.871500000000000000e+03 -1.400000000000000133e-01
1.871750000000000000e+03 -4.099999999999999756e-01
1.872000000000000000e+03 -4.600000000000000200e-01
1.872250000000000000e+03 -6.600000000000000311e-01
1.872500000000000000e+03 -5.000000000000000000e-01
1.872750000000000000e+03 -8.000000000000000444e-01
1.873000000000000000e+03 -9.499999999999999556e-01
1.873250000000000000e+03 -7.199999999999999734e-01
1.873500000000000000e+03 -3.099999999999999978e-01
1.873750000000000000e+03 -7.099999999999999645e-01
1.874000000000000000e+03 -1.040000000000000036e+00
1.874250000000000000e+03 -7.700000000000000178e-01
1.874500000000000000e+03 -8.599999999999999867e-01
1.874750000000000000e+03 -8.399999999999999689e-01
1.875000000000000000e+03 -4.099999999999999756e-01
1.875250000000000000e+03 -4.899999999999999911e-01
1.875500000000000000e+03 -4.799999999999999822e-01
1.875750000000000000e+03 -7.199999999999999734e-01
1.876000000000000000e+03 -1.209999999999999964e+00
1.876250000000000000e+03 -8.000000000000000444e-01
1.876500000000000000e+03 1.600000000000000033e-01
1.876750000000000000e+03 4.600000000000000200e-01
1.877000000000000000e+03 4.000000000000000222e-01
1.877250000000000000e+03 1.000000000000000000e+00
1.877500000000000000e+03 2.169999999999999929e+00
1.877750000000000000e+03 2.500000000000000000e+00
1.878000000000000000e+03 2.339999999999999858e+00
1.878250000000000000e+03 8.000000000000000444e-01
1.878500000000000000e+03 1.400000000000000133e-01
1.878750000000000000e+03 -5.999999999999999778e-02
1.879000000000000000e+03 -3.400000000000000244e-01
1.879250000000000000e+03 -7.099999999999999645e-01
1.879500000000000000e+03 -3.400000000000000244e-01
1.879750000000000000e+03 -7.299999999999999822e-01
1.880000000000000000e+03 -4.799999999999999822e-01
1.880250000000000000e+03 -1.100000000000000006e-01
1.880500000000000000e+03 2.200000000000000011e-01
1.880750000000000000e+03 5.100000000000000089e-01
1.881000000000000000e+03 5.100000000000000089e-01
1.881250000000000000e+03 2.500000000000000000e-01
1.881500000000000000e+03 -1.000000000000000056e-01
1.881750000000000000e+03 -3.300000000000000155e-01
1.882000000000000000e+03 -4.199999999999999845e-01
1.882250000000000000e+03 -2.300000000000000100e-01
1.882500000000000000e+03 -5.300000000000000266e-01
1.882750000000000000e+03 -4.400000000000000022e-01
1.883000000000000000e+03 -2.999999999999999889e-01
1.883250000000000000e+03 1.499999999999999944e-01
1.883500000000000000e+03 8.999999999999999667e-02
1.883750000000000000e+03 1.900000000000000022e-01
1.884000000000000000e+03 -5.999999999999999778e-02
1.884250000000000000e+03 2.500000000000000000e-01
1.884500000000000000e+03 2.999999999999999889e-01
1.884750000000000000e+03 8.100000000000000533e-01
1.885000000000000000e+03 2.600000000000000089e-01
1.885250000000000000e+03 1.000000000000000056e-01
1.885500000000000000e+03 3.400000000000000244e-01
1.885750000000000000e+03 1.010000000000000009e+00
1.886000000000000000e+03 -3.099999999999999978e-01
1.886250000000000000e+03 -9.000000000000000222e-01
1.886500000000000000e+03 -7.299999999999999822e-01
1.886750000000000000e+03 -9.200000000000000400e-01
1.887000000000000000e+03 -7.299999999999999822e-01
1.887250000000000000e+03 -3.099999999999999978e-01
1.887500000000000000e+03 -2.999999999999999889e-02
1.887750000000000000e+03 1.199999999999999956e-01
1.888000000000000000e+03 3.699999999999999956e-01
1.888250000000000000e+03 8.199999999999999512e-01
1.888500000000000000e+03 1.219999999999999973e+00
1.888750000000000000e+03 1.830000000000000071e+00
1.889000000000000000e+03 1.600000000000000089e+00
1.889250000000000000e+03 3.400000000000000244e-01
1.889500000000000000e+03 -7.199999999999999734e-01
1.889750000000000000e+03 -8.699999999999999956e-01
1.890000000000000000e+03 -8.499999999999999778e-01
1.890250000000000000e+03 -4.000000000000000222e-01
1.890500000000000000e+03 -3.900000000000000133e-01
1.890750000000000000e+03 -6.500000000000000222e-01
1.891000000000000000e+03 7.000000000000000666e-02
1.891250000000000000e+03 6.700000000000000400e-01
1.891500000000000000e+03 3.900000000000000133e-01
1.891750000000000000e+03 2.999999999999999889e-02
1.892000000000000000e+03 -1.700000000000000122e-01
1.892250000000000000e+03 -7.600000000000000089e-01
1.892500000000000000e+03 -8.699999999999999956e-01
1.892750000000000000e+03 -1.360000000000000098e+00
1.893000000000000000e+03 -1.100000000000000089e+00
1.893250000000000000e+03 -9.899999999999999911e-01
1.893500000000000000e+03 -7.800000000000000266e-01
1.893750000000000000e+03 -9.300000000000000488e-01
1.894000000000000000e+03 -8.699999999999999956e-01
1.894250000000000000e+03 -4.400000000000000022e-01
1.894500000000000000e+03 -3.400000000000000244e-01
1.894750000000000000e+03 -5.000000000000000000e-01
1.895000000000000000e+03 -3.900000000000000133e-01
1.895250000000000000e+03 -4.000000000000000083e-02
1.895500000000000000e+03 4.199999999999999845e-01
1.895750000000000000e+03 6.199999999999999956e-01
1.896000000000000000e+03 1.700000000000000122e-01
1.896250000000000000e+03 2.300000000000000100e-01
1.896500000000000000e+03 1.030000000000000027e+00
1.896750000000000000e+03 1.540000000000000036e+00
1.897000000000000000e+03 1.090000000000000080e+00
1.897250000000000000e+03 1.000000000000000021e-02
1.897500000000000000e+03 1.199999999999999956e-01
1.897750000000000000e+03 -2.700000000000000178e-01
1.898000000000000000e+03 -4.699999999999999734e-01
1.898250000000000000e+03 -4.099999999999999756e-01
1.898500000000000000e+03 -3.699999999999999956e-01
1.898750000000000000e+03 -3.599999999999999867e-01
1.899000000000000000e+03 -3.900000000000000133e-01
1.899250000000000000e+03 4.299999999999999933e-01
1.899500000000000000e+03 1.050000000000000044e+00
1.899750000000000000e+03 1.580000000000000071e+00
1.900000000000000000e+03 1.250000000000000000e+00
1.900250000000000000e+03 8.599999999999999867e-01
1.900500000000000000e+03 5.999999999999999778e-01
1.900750000000000000e+03 2.099999999999999922e-01
1.901000000000000000e+03 1.900000000000000022e-01
1.901250000000000000e+03 -2.300000000000000100e-01
1.901500000000000000e+03 -2.899999999999999800e-01
1.901750000000000000e+03 1.799999999999999933e-01
1.902000000000000000e+03 1.199999999999999956e-01
1.902250000000000000e+03 7.099999999999999645e-01
1.902500000000000000e+03 1.419999999999999929e+00
1.902750000000000000e+03 1.590000000000000080e+00
1.903000000000000000e+03 9.300000000000000488e-01
1.903250000000000000e+03 -2.500000000000000000e-01
1.903500000000000000e+03 -6.600000000000000311e-01
1.903750000000000000e+03 -9.499999999999999556e-01
1.904000000000000000e+03 -4.699999999999999734e-01
1.904250000000000000e+03 5.999999999999999778e-02
1.904500000000000000e+03 6.999999999999999556e-01
1.904750000000000000e+03 8.100000000000000533e-01
1.905000000000000000e+03 7.800000000000000266e-01
1.905250000000000000e+03 1.429999999999999938e+00
1.905500000000000000e+03 1.219999999999999973e+00
1.905750000000000000e+03 1.050000000000000044e+00
1.906000000000000000e+03 4.400000000000000022e-01
1.906250000000000000e+03 -3.499999999999999778e-01
1.906500000000000000e+03 -6.700000000000000400e-01
1.906750000000000000e+03 -8.399999999999999689e-01
1.907000000000000000e+03 -6.600000000000000311e-01
1.907250000000000000e+03 -4.500000000000000111e-01
1.907500000000000000e+03 -1.199999999999999956e-01
1.907750000000000000e+03 -2.000000000000000111e-01
1.908000000000000000e+03 -1.600000000000000033e-01
1.908250000000000000e+03 -4.699999999999999734e-01
1.908500000000000000e+03 -5.200000000000000178e-01
1.908750000000000000e+03 -7.900000000000000355e-01
1.909000000000000000e+03 -8.000000000000000444e-01
1.909250000000000000e+03 -6.199999999999999956e-01
1.909500000000000000e+03 -8.599999999999999867e-01
1.909750000000000000e+03 -1.290000000000000036e+00
1.910000000000000000e+03 -1.040000000000000036e+00
1.910250000000000000e+03 -1.050000000000000044e+00
1.910500000000000000e+03 -7.500000000000000000e-01
1.910750000000000000e+03 -8.100000000000000533e-01
1.911000000000000000e+03 -9.000000000000000222e-01
1.911250000000000000e+03 -2.500000000000000000e-01
1.911500000000000000e+03 6.199999999999999956e-01
1.911750000000000000e+03 1.219999999999999973e+00
1.912000000000000000e+03 9.599999999999999645e-01
1.912250000000000000e+03 2.099999999999999922e-01
1.912500000000000000e+03 -1.100000000000000006e-01
1.912750000000000000e+03 -2.500000000000000000e-01
1.913000000000000000e+03 -2.399999999999999911e-01
1.913250000000000000e+03 -4.299999999999999933e-01
1.913500000000000000e+03 2.300000000000000100e-01
1.913750000000000000e+03 6.700000000000000400e-01
1.914000000000000000e+03 7.800000000000000266e-01
1.914250000000000000e+03 4.099999999999999756e-01
1.914500000000000000e+03 9.799999999999999822e-01
1.914750000000000000e+03 1.280000000000000027e+00
1.915000000000000000e+03 1.449999999999999956e+00
1.915250000000000000e+03 1.020000000000000018e+00
1.915500000000000000e+03 2.999999999999999889e-02
1.915750000000000000e+03 -5.899999999999999689e-01
1.916000000000000000e+03 -1.340000000000000080e+00
1.916250000000000000e+03 -9.899999999999999911e-01
1.916500000000000000e+03 -1.489999999999999991e+00
1.916750000000000000e+03 -1.739999999999999991e+00
1.917000000000000000e+03 -1.330000000000000071e+00
1.917250000000000000e+03 -5.500000000000000444e-01
1.917500000000000000e+03 -5.100000000000000089e-01
1.917750000000000000e+03 -3.599999999999999867e-01
1.918000000000000000e+03 -9.899999999999999911e-01
1.918250000000000000e+03 3.200000000000000067e-01
1.918500000000000000e+03 1.040000000000000036e+00
1.918750000000000000e+03 1.409999999999999920e+00
1.919000000000000000e+03 9.899999999999999911e-01
1.919250000000000000e+03 6.600000000000000311e-01
1.919500000000000000e+03 5.000000000000000000e-01
1.919750000000000000e+03 2.200000000000000011e-01
1.920000000000000000e+03 7.099999999999999645e-01
1.920250000000000000e+03 -1.600000000000000033e-01
1.920500000000000000e+03 3.800000000000000044e-01
1.920750000000000000e+03 0.000000000000000000e+00
1.921000000000000000e+03 -1.110000000000000098e+00
1.921250000000000000e+03 -1.040000000000000036e+00
1.921500000000000000e+03 5.000000000000000278e-02
1.921750000000000000e+03 -6.400000000000000133e-01
1.922000000000000000e+03 -3.400000000000000244e-01
1.922250000000000000e+03 -5.000000000000000000e-01
1.922500000000000000e+03 -1.850000000000000089e+00
1.922750000000000000e+03 -9.399999999999999467e-01
1.923000000000000000e+03 -7.800000000000000266e-01
1.923250000000000000e+03 2.899999999999999800e-01
1.923500000000000000e+03 2.700000000000000178e-01
1.923750000000000000e+03 6.899999999999999467e-01
1.924000000000000000e+03 -5.999999999999999778e-02
1.924250000000000000e+03 -8.299999999999999600e-01
1.924500000000000000e+03 -8.000000000000000444e-01
1.924750000000000000e+03 -1.020000000000000018e+00
1.925000000000000000e+03 -9.599999999999999645e-01
1.925250000000000000e+03 -8.999999999999999667e-02
1.925500000000000000e+03 6.199999999999999956e-01
1.925750000000000000e+03 8.699999999999999956e-01
1.926000000000000000e+03 1.030000000000000027e+00
1.926250000000000000e+03 6.999999999999999556e-01
1.926500000000000000e+03 -1.000000000000000056e-01
1.926750000000000000e+03 -3.099999999999999978e-01
1.927000000000000000e+03 4.000000000000000083e-02
1.927250000000000000e+03 -4.600000000000000200e-01
1.927500000000000000e+03 4.000000000000000083e-02
1.927750000000000000e+03 2.399999999999999911e-01
1.928000000000000000e+03 -8.000000000000000167e-02
1.928250000000000000e+03 -2.800000000000000266e-01
1.928500000000000000e+03 5.999999999999999778e-02
1.928750000000000000e+03 5.000000000000000278e-02
1.929000000000000000e+03 -3.099999999999999978e-01
1.929250000000000000e+03 1.100000000000000006e-01
1.929500000000000000e+03 2.700000000000000178e-01
1.929750000000000000e+03 2.600000000000000089e-01
1.930000000000000000e+03 4.000000000000000083e-02
1.930250000000000000e+03 1.199999999999999956e-01
1.930500000000000000e+03 1.110000000000000098e+00
1.930750000000000000e+03 1.530000000000000027e+00
1.931000000000000000e+03 1.229999999999999982e+00
1.931250000000000000e+03 1.700000000000000122e-01
1.931500000000000000e+03 -1.799999999999999933e-01
1.931750000000000000e+03 -5.600000000000000533e-01
1.932000000000000000e+03 5.000000000000000278e-02
1.932250000000000000e+03 4.099999999999999756e-01
1.932500000000000000e+03 2.200000000000000011e-01
1.932750000000000000e+03 4.000000000000000083e-02
1.933000000000000000e+03 -1.900000000000000022e-01
1.933250000000000000e+03 -4.600000000000000200e-01
1.933500000000000000e+03 -6.500000000000000222e-01
1.933750000000000000e+03 -1.060000000000000053e+00
1.934000000000000000e+03 -5.400000000000000355e-01
1.934250000000000000e+03 1.400000000000000133e-01
1.934500000000000000e+03 2.500000000000000000e-01
1.934750000000000000e+03 -2.099999999999999922e-01
1.935000000000000000e+03 -7.299999999999999822e-01
1.935250000000000000e+03 -4.299999999999999933e-01
1.935500000000000000e+03 4.799999999999999822e-01
1.935750000000000000e+03 2.600000000000000089e-01
1.936000000000000000e+03 5.000000000000000278e-02
1.936250000000000000e+03 1.100000000000000006e-01
1.936500000000000000e+03 -2.700000000000000178e-01
1.936750000000000000e+03 -8.000000000000000167e-02
1.937000000000000000e+03 -1.000000000000000056e-01
1.937250000000000000e+03 2.899999999999999800e-01
1.937500000000000000e+03 -1.499999999999999944e-01
1.937750000000000000e+03 -2.800000000000000266e-01
1.938000000000000000e+03 -5.500000000000000444e-01
1.938250000000000000e+03 -4.400000000000000022e-01
1.938500000000000000e+03 -1.399999999999999911e+00
1.938750000000000000e+03 -5.500000000000000444e-01
1.939000000000000000e+03 -6.899999999999999467e-01
1.939250000000000000e+03 5.799999999999999600e-01
1.939500000000000000e+03 3.699999999999999956e-01
1.939750000000000000e+03 4.199999999999999845e-01
1.940000000000000000e+03 1.830000000000000071e+00
1.940250000000000000e+03 1.229999999999999982e+00
1.940500000000000000e+03 6.500000000000000222e-01
1.940750000000000000e+03 4.099999999999999756e-01
1.941000000000000000e+03 1.030000000000000027e+00
1.941250000000000000e+03 6.400000000000000133e-01
1.941500000000000000e+03 -7.000000000000000666e-02
1.941750000000000000e+03 9.799999999999999822e-01
1.942000000000000000e+03 3.599999999999999867e-01
1.942250000000000000e+03 -2.999999999999999889e-01
1.942500000000000000e+03 -1.330000000000000071e+00
1.942750000000000000e+03 -1.389999999999999902e+00
1.943000000000000000e+03 -9.399999999999999467e-01
1.943250000000000000e+03 3.400000000000000244e-01
1.943500000000000000e+03 -0.000000000000000000e+00
1.943750000000000000e+03 -1.499999999999999944e-01
1.944000000000000000e+03 5.999999999999999778e-02
1.944250000000000000e+03 3.900000000000000133e-01
1.944500000000000000e+03 3.599999999999999867e-01
1.944750000000000000e+03 -4.899999999999999911e-01
1.945000000000000000e+03 -5.300000000000000266e-01
1.945250000000000000e+03 3.499999999999999778e-01
1.945500000000000000e+03 7.000000000000000666e-02
1.945750000000000000e+03 -2.399999999999999911e-01
1.946000000000000000e+03 2.000000000000000111e-01
1.946250000000000000e+03 -2.200000000000000011e-01
1.946500000000000000e+03 -6.800000000000000488e-01
1.946750000000000000e+03 -4.400000000000000022e-01
1.947000000000000000e+03 2.000000000000000042e-02
1.947250000000000000e+03 -2.200000000000000011e-01
1.947500000000000000e+03 -2.999999999999999889e-01
1.947750000000000000e+03 -5.899999999999999689e-01
1.948000000000000000e+03 1.000000000000000056e-01
1.948250000000000000e+03 -2.000000000000000042e-02
1.948500000000000000e+03 -2.700000000000000178e-01
1.948750000000000000e+03 -5.999999999999999778e-01
1.949000000000000000e+03 -4.799999999999999822e-01
1.949250000000000000e+03 -3.699999999999999956e-01
1.949500000000000000e+03 -5.300000000000000266e-01
1.949750000000000000e+03 -1.350000000000000089e+00
1.950000000000000000e+03 -1.219999999999999973e+00
1.950250000000000000e+03 -9.899999999999999911e-01
1.950500000000000000e+03 -3.400000000000000244e-01
1.950750000000000000e+03 -7.900000000000000355e-01
1.951000000000000000e+03 -2.399999999999999911e-01
1.951250000000000000e+03 2.000000000000000042e-02
1.951500000000000000e+03 6.899999999999999467e-01
1.951750000000000000e+03 7.800000000000000266e-01
1.952000000000000000e+03 1.700000000000000122e-01
1.952250000000000000e+03 -1.700000000000000122e-01
1.952500000000000000e+03 -2.899999999999999800e-01
1.952750000000000000e+03 -2.700000000000000178e-01
1.953000000000000000e+03 3.099999999999999978e-01
1.953250000000000000e+03 4.400000000000000022e-01
1.953500000000000000e+03 3.800000000000000044e-01
1.953750000000000000e+03 2.399999999999999911e-01
1.954000000000000000e+03 -1.300000000000000044e-01
1.954250000000000000e+03 -8.900000000000000133e-01
1.954500000000000000e+03 -7.600000000000000089e-01
1.954750000000000000e+03 -7.099999999999999645e-01
1.955000000000000000e+03 -3.699999999999999956e-01
1.955250000000000000e+03 -5.899999999999999689e-01
1.955500000000000000e+03 -6.300000000000000044e-01
1.955750000000000000e+03 -1.469999999999999973e+00
1.956000000000000000e+03 -4.000000000000000222e-01
1.956250000000000000e+03 -1.799999999999999933e-01
1.956500000000000000e+03 -3.699999999999999956e-01
1.956750000000000000e+03 -4.299999999999999933e-01
1.957000000000000000e+03 -5.999999999999999778e-02
1.957250000000000000e+03 6.099999999999999867e-01
1.957500000000000000e+03 1.330000000000000071e+00
1.957750000000000000e+03 1.189999999999999947e+00
1.958000000000000000e+03 1.129999999999999893e+00
1.958250000000000000e+03 3.099999999999999978e-01
1.958500000000000000e+03 1.400000000000000133e-01
1.958750000000000000e+03 2.999999999999999889e-02
1.959000000000000000e+03 2.099999999999999922e-01
1.959250000000000000e+03 1.499999999999999944e-01
1.959500000000000000e+03 -2.200000000000000011e-01
1.959750000000000000e+03 -2.000000000000000042e-02
1.960000000000000000e+03 2.999999999999999889e-02
1.960250000000000000e+03 -1.700000000000000122e-01
1.960500000000000000e+03 1.199999999999999956e-01
1.960750000000000000e+03 -3.499999999999999778e-01
1.961000000000000000e+03 -5.999999999999999778e-02
1.961250000000000000e+03 3.800000000000000044e-01
1.961500000000000000e+03 -4.500000000000000111e-01
1.961750000000000000e+03 -3.200000000000000067e-01
1.962000000000000000e+03 -3.300000000000000155e-01
1.962250000000000000e+03 -4.899999999999999911e-01
1.962500000000000000e+03 -1.400000000000000133e-01
1.962750000000000000e+03 -5.600000000000000533e-01
1.963000000000000000e+03 -1.799999999999999933e-01
1.963250000000000000e+03 4.600000000000000200e-01
1.963500000000000000e+03 1.090000000000000080e+00
1.963750000000000000e+03 1.040000000000000036e+00
1.964000000000000000e+03 2.300000000000000100e-01
1.964250000000000000e+03 -9.899999999999999911e-01
1.964500000000000000e+03 -5.899999999999999689e-01
1.964750000000000000e+03 -9.200000000000000400e-01
1.965000000000000000e+03 -2.800000000000000266e-01
1.965250000000000000e+03 5.200000000000000178e-01
1.965500000000000000e+03 1.310000000000000053e+00
1.965750000000000000e+03 1.449999999999999956e+00
1.966000000000000000e+03 6.099999999999999867e-01
1.966250000000000000e+03 -1.100000000000000006e-01
1.966500000000000000e+03 -1.799999999999999933e-01
1.966750000000000000e+03 -3.900000000000000133e-01
1.967000000000000000e+03 -3.900000000000000133e-01
1.967250000000000000e+03 -3.599999999999999867e-01
1.967500000000000000e+03 -5.000000000000000000e-01
1.967750000000000000e+03 -8.100000000000000533e-01
1.968000000000000000e+03 -1.100000000000000089e+00
1.968250000000000000e+03 -2.899999999999999800e-01
1.968500000000000000e+03 5.699999999999999512e-01
1.968750000000000000e+03 6.800000000000000488e-01
1.969000000000000000e+03 7.800000000000000266e-01
1.969250000000000000e+03 7.800000000000000266e-01
1.969500000000000000e+03 6.300000000000000044e-01
1.969750000000000000e+03 9.799999999999999822e-01
1.970000000000000000e+03 4.899999999999999911e-01
1.970250000000000000e+03 -4.199999999999999845e-01
1.970500000000000000e+03 -1.340000000000000080e+00
1.970750000000000000e+03 -1.199999999999999956e+00
1.971000000000000000e+03 -1.179999999999999938e+00
1.971250000000000000e+03 -6.500000000000000222e-01
1.971500000000000000e+03 -4.199999999999999845e-01
1.971750000000000000e+03 -9.699999999999999734e-01
1.972000000000000000e+03 -2.800000000000000266e-01
1.972250000000000000e+03 7.700000000000000178e-01
1.972500000000000000e+03 1.770000000000000018e+00
1.972750000000000000e+03 2.220000000000000195e+00
1.973000000000000000e+03 1.050000000000000044e+00
1.973250000000000000e+03 -6.700000000000000400e-01
1.973500000000000000e+03 -9.899999999999999911e-01
1.973750000000000000e+03 -1.520000000000000018e+00
1.974000000000000000e+03 -1.169999999999999929e+00
1.974250000000000000e+03 -2.200000000000000011e-01
1.974500000000000000e+03 -4.000000000000000083e-02
1.974750000000000000e+03 -4.500000000000000111e-01
1.975000000000000000e+03 -4.600000000000000200e-01
1.975250000000000000e+03 -7.500000000000000000e-01
1.975500000000000000e+03 -6.999999999999999556e-01
1.975750000000000000e+03 -1.379999999999999893e+00
1.976000000000000000e+03 -1.149999999999999911e+00
1.976250000000000000e+03 -1.000000000000000021e-02
1.976500000000000000e+03 9.699999999999999734e-01
1.976750000000000000e+03 1.100000000000000089e+00
1.977000000000000000e+03 6.800000000000000488e-01
1.977250000000000000e+03 -2.000000000000000042e-02
1.977500000000000000e+03 -4.000000000000000083e-02
1.977750000000000000e+03 4.699999999999999734e-01
1.978000000000000000e+03 2.999999999999999889e-01
1.978250000000000000e+03 -5.500000000000000444e-01
1.978500000000000000e+03 -5.100000000000000089e-01
1.978750000000000000e+03 -8.999999999999999667e-02
1.979000000000000000e+03 -1.000000000000000021e-02
1.979250000000000000e+03 3.400000000000000244e-01
1.979500000000000000e+03 6.099999999999999867e-01
1.979750000000000000e+03 5.799999999999999600e-01
1.980000000000000000e+03 3.300000000000000155e-01
1.980250000000000000e+03 3.800000000000000044e-01
1.980500000000000000e+03 1.000000000000000056e-01
1.980750000000000000e+03 1.799999999999999933e-01
1.981000000000000000e+03 -2.999999999999999889e-01
1.981250000000000000e+03 -5.999999999999999778e-02
1.981500000000000000e+03 -2.800000000000000266e-01
1.981750000000000000e+03 1.199999999999999956e-01
1.982000000000000000e+03 5.799999999999999600e-01
1.982250000000000000e+03 8.900000000000000133e-01
1.982500000000000000e+03 9.300000000000000488e-01
1.982750000000000000e+03 2.390000000000000124e+00
1.983000000000000000e+03 2.439999999999999947e+00
1.983250000000000000e+03 1.919999999999999929e+00
1.983500000000000000e+03 6.400000000000000133e-01
1.983750000000000000e+03 -2.399999999999999911e-01
1.984000000000000000e+03 2.700000000000000178e-01
1.984250000000000000e+03 -1.300000000000000044e-01
1.984500000000000000e+03 -1.600000000000000033e-01
1.984750000000000000e+03 -5.400000000000000355e-01
1.985000000000000000e+03 -1.300000000000000044e-01
1.985250000000000000e+03 -3.699999999999999956e-01
1.985500000000000000e+03 -7.800000000000000266e-01
1.985750000000000000e+03 -2.200000000000000011e-01
1.986000000000000000e+03 2.999999999999999889e-02
1.986250000000000000e+03 2.500000000000000000e-01
1.986500000000000000e+03 3.099999999999999978e-01
1.986750000000000000e+03 1.030000000000000027e+00
1.987000000000000000e+03 1.100000000000000089e+00
1.987250000000000000e+03 1.050000000000000044e+00
1.987500000000000000e+03 1.110000000000000098e+00
1.987750000000000000e+03 1.280000000000000027e+00
1.988000000000000000e+03 5.699999999999999512e-01
1.988250000000000000e+03 -5.500000000000000444e-01
1.988500000000000000e+03 -1.159999999999999920e+00
1.988750000000000000e+03 -9.899999999999999911e-01
1.989000000000000000e+03 -3.800000000000000044e-01
1.989250000000000000e+03 1.000000000000000021e-02
1.989500000000000000e+03 -2.899999999999999800e-01
1.989750000000000000e+03 8.999999999999999667e-02
1.990000000000000000e+03 4.600000000000000200e-01
1.990250000000000000e+03 5.699999999999999512e-01
1.990500000000000000e+03 2.399999999999999911e-01
1.990750000000000000e+03 3.900000000000000133e-01
1.991000000000000000e+03 4.899999999999999911e-01
1.991250000000000000e+03 8.599999999999999867e-01
1.991500000000000000e+03 5.100000000000000089e-01
1.991750000000000000e+03 9.499999999999999556e-01
1.992000000000000000e+03 1.250000000000000000e+00
1.992250000000000000e+03 1.330000000000000071e+00
1.992500000000000000e+03 -0.000000000000000000e+00
1.992750000000000000e+03 3.400000000000000244e-01
1.993000000000000000e+03 6.600000000000000311e-01
1.993250000000000000e+03 1.110000000000000098e+00
1.993500000000000000e+03 3.400000000000000244e-01
1.993750000000000000e+03 4.799999999999999822e-01
1.994000000000000000e+03 5.600000000000000533e-01
1.994250000000000000e+03 3.900000000000000133e-01
1.994500000000000000e+03 -1.700000000000000122e-01
1.994750000000000000e+03 1.040000000000000036e+00
1.995000000000000000e+03 7.700000000000000178e-01
1.995250000000000000e+03 1.199999999999999956e-01
1.995500000000000000e+03 -3.499999999999999778e-01
1.995750000000000000e+03 -2.200000000000000011e-01
1.996000000000000000e+03 8.000000000000000167e-02
1.996250000000000000e+03 -8.000000000000000167e-02
1.996500000000000000e+03 -1.799999999999999933e-01
1.996750000000000000e+03 -5.999999999999999778e-02
